x
-1 1
1 0 0.4
2 0 0.4
3 0 0.4
4 0 0.4
5 0 0.4
6 0 0.4
7 0 0.4
8 0 0.4
9 0 0.4
10 0 0.424264
11 0 0.424264
12 0 0.424264
13 0 0.424264
14 0 0.4
15 0 0.4
16 0 0.4
17 0 0.4
18 0 0.4
19 0 0.397743
20 0 0.4
21 0 0.4
22 0 0.4
23 0 0.363414
24 0 0.424264
25 0 0.424264
26 0 0.424264
27 0 0.4
28 0 0.4
29 0 0.4
30 0 0.4
31 0 0.4
32 0 0.393014
33 0 0.4
34 0 0.4
35 0 0.4
36 0 0.364841
37 0 0.424264
38 0 0.366391
39 0 0.424264
40 0 0.4
41 0 0.4
42 0 0.4
43 0 0.4
44 0 0.4
45 0 0.4
46 0 0.4
47 0 0.4
48 0 0.4
49 0 0.37122
50 0 0.424264
51 0 0.361404
52 0 0.424264
53 0 0.4
54 0 0.4
55 0 0.4
56 0 0.4
57 0 0.4
58 0 0.396101
59 0 0.4
60 0 0.4
61 0 0.4
62 0 0.352456
63 0 0.424264
64 0 0.348768
65 0.000185 0.424264
66 0 0.4
67 0 0.4
68 0 0.4
69 0 0.4
70 0 0.4
71 0 0.348087
72 0 0.4
73 0 0.4
74 0 0.4
75 0 0.379804
76 0 0.424264
77 0 0.365623
78 0 0.424264
79 0 0.4
80 0 0.4
81 0 0.4
82 0 0.4
83 0 0.4
84 0 0.4
85 0 0.379486
86 0 0.4
87 0 0.4
88 0 0.370511
89 0 0.424264
90 0 0.368737
91 0 0.424264
92 0 0.4
93 0 0.4
94 0 0.4
95 0 0.4
96 0 0.4
97 0 0.390959
98 0 0.394177
99 0 0.4
100 0 0.4
101 0 0.424264
102 0 0.424264
103 0 0.401193
104 0 0.424264
105 0 0.4
106 0 0.4
107 0 0.4
108 0 0.4
109 0 0.4
110 0 0.4
111 0 0.4
112 0 0.4
113 0 0.4
114 0 0.424264
115 0 0.424264
116 0 0.424264
117 0 0.424264
118 0 0.4
119 0 0.4
120 0 0.4
121 0 0.4
122 0 0.4
123 0 0.4
124 0 0.4
125 0 0.4
126 0 0.4
127 0 0.424264
128 0 0.424264
129 0 0.424264
130 0 0.424264
131 0 0.4
132 0 0.4
133 0 0.4
134 0 0.4
135 0 0.4
136 0 0.4
137 0 0.4
138 0 0.4
139 0 0.4
140 0 0.424264
141 0 0.424264
142 0 0.424264
143 0 0.424264
144 0 0.4
145 0 0.4
146 0 0.4
147 0 0.4
148 0 0.4
149 0 0.4
150 0 0.4
151 0 0.4
152 0 0.4
153 0 0.376017
154 0 0.383262
155 0 0.424264
156 0 0.424264
157 0 0.4
158 0 0.4
159 0 0.4
160 0 0.4
161 0 0.4
162 0 0.4
163 0 0.4
164 0 0.4
165 0 0.4
166 0 0.373638
167 0 0.365033
168 0 0.380232
169 0 0.36521
170 0 0.4
171 0 0.4
172 0 0.4
173 0 0.4
174 0 0.4
175 0 0.4
176 0 0.390222
177 0 0.4
178 0 0.4
179 2e-06 0.359131
180 4.2e-05 0.362743
181 0.000498 0.363557
182 0.000146 0.379853
183 6.1e-05 0.4
184 0 0.4
185 0.000737 0.4
186 0 0.4
187 0.012187 0.4
188 0 0.4
189 0 0.4
190 7.8e-05 0.4
191 0 0.4
192 0.002319 0.377045
193 0.010939 0.391897
194 0.006948 0.364889
195 0.059723 0.394007
196 0 0.4
197 0 0.4
198 0.000312 0.4
199 0 0.4
200 0.01535 0.4
201 0.002291 0.4
202 0 0.4
203 0.000839 0.4
204 0 0.4
205 0.010731 0.357753
206 0.067201 0.362802
207 0.006839 0.360295
208 0.030461 0.351866
209 0 0.4
210 0 0.4
211 0 0.4
212 0 0.4
213 0 0.4
214 0 0.4
215 0 0.4
216 0 0.4
217 0 0.4
218 0 0.363235
219 0 0.39688
220 0 0.38521
221 0 0.386598
222 0 0.4
223 0 0.4
224 0 0.4
225 0 0.4
226 0 0.4
227 0 0.363811
228 0 0.4
229 0 0.4
230 0 0.4
231 0 0.424264
232 0 0.424264
233 0 0.354688
234 0 0.370576
235 0 0.4
236 0 0.4
237 0 0.4
238 0 0.4
239 0 0.4
240 0 0.340123
241 0 0.4
242 0 0.4
243 0 0.4
244 0 0.424264
245 0 0.424264
246 0 0.424264
247 0 0.424264
248 0 0.4
249 0 0.4
250 0 0.4
251 0 0.4
252 0 0.4
253 0 0.395796
254 0 0.4
255 0 0.4
256 0 0.4
257 0 0.424264
258 0 0.424264
259 0 0.424264
260 0 0.424264
261 0 0.4
262 0 0.4
263 0 0.4
264 0 0.4
265 0 0.4
266 0 0.4
267 0 0.4
268 0 0.4
269 0 0.4
270 0 0.424264
271 0 0.424264
272 0 0.424264
273 0 0.424264
274 0 0.4
275 0 0.4
276 0 0.4
277 0 0.4
278 0 0.4
279 0 0.4
280 0 0.4
281 0 0.4
282 0 0.4
283 0 0.369642
284 0 0.378922
285 0 0.424264
286 0 0.424264
287 0 0.4
288 0 0.4
289 0 0.4
290 0 0.4
291 0 0.4
292 0 0.4
293 0 0.4
294 0 0.4
295 0 0.4
296 0 0.365275
297 0 0.365782
298 0 0.400346
299 0 0.389433
300 0.000167 0.4
301 0 0.4
302 0.000238 0.4
303 0 0.4
304 0.003075 0.4
305 0 0.4
306 0 0.4
307 0 0.4
308 0 0.4
309 0.000267 0.354727
310 0.001306 0.36443
311 0.008214000000000001 0.373141
312 0.07231700000000001 0.372756
313 9.899999999999999e-05 0.4
314 0 0.4
315 0.000508 0.4
316 0 0.4
317 0.006644 0.4
318 0 0.4
319 0.000163 0.4
320 6.8e-05 0.4
321 0 0.4
322 0.047338 0.362911
323 0.07337399999999999 0.365453
324 0.076296 0.377519
325 0.075793 0.368275
326 5e-06 0.4
327 0 0.4
328 0 0.4
329 0 0.4
330 0.00395 0.4
331 0.000229 0.4
332 1.2e-05 0.4
333 0.000767 0.4
334 3.5e-05 0.4
335 0.060075 0.38158
336 0.06482499999999999 0.365479
337 0.021881 0.375733
338 0.042889 0.351019
339 0.018813 0.4
340 0 0.4
341 0 0.4
342 0 0.4
343 0.003421 0.4
344 0 0.4
345 0 0.4
346 0 0.4
347 0 0.4
348 0.040355 0.413547
349 0.030818 0.407907
350 4.6e-05 0.38048
351 6.9e-05 0.379853
352 0 0.4
353 0 0.4
354 0 0.4
355 0 0.4
356 0 0.4
357 0 0.334134
358 0 0.389651
359 0 0.4
360 0 0.4
361 0 0.424264
362 0 0.424264
363 0 0.351196
364 0 0.340504
365 0 0.4
366 0 0.4
367 0 0.4
368 0 0.4
369 0 0.4
370 0 0.395209
371 0 0.4
372 0 0.4
373 0 0.4
374 0 0.424264
375 0 0.424264
376 0 0.424264
377 0 0.424264
378 0 0.4
379 0 0.4
380 0 0.4
381 0 0.4
382 0 0.4
383 0 0.396325
384 0 0.4
385 0 0.4
386 0 0.4
387 0 0.424264
388 0 0.424264
389 0 0.424264
390 0 0.424264
391 0 0.4
392 0 0.4
393 0 0.4
394 0 0.4
395 0 0.4
396 0 0.4
397 0 0.4
398 0 0.4
399 0 0.4
400 0 0.424264
401 0 0.424264
402 0 0.424264
403 0 0.424264
404 0 0.4
405 0 0.4
406 0 0.4
407 0 0.4
408 0 0.4
409 0 0.356782
410 0 0.4
411 0 0.4
412 0 0.4
413 0 0.373617
414 0 0.371847
415 0 0.424264
416 0 0.424264
417 0.016799 0.4
418 0 0.4
419 0 0.4
420 0 0.4
421 0.000475 0.4
422 0 0.4
423 0 0.4
424 0 0.4
425 0 0.4
426 0.000657 0.365576
427 2.5e-05 0.380819
428 0.013997 0.390212
429 0.0005910000000000001 0.365794
430 0.00438 0.4
431 0 0.4
432 0.002908 0.4
433 0 0.4
434 0.001494 0.4
435 0 0.4
436 0 0.4
437 6.8e-05 0.4
438 0 0.4
439 0.0009389999999999999 0.377675
440 0.000943 0.363359
441 0.031919 0.356739
442 0.002721 0.356375
443 0.004823 0.4
444 0.0005 0.4
445 9.000000000000001e-05 0.4
446 0 0.4
447 0.001426 0.4
448 0 0.385691
449 0 0.387902
450 0.000515 0.4
451 0 0.4
452 0.005382 0.359968
453 0.005957 0.361315
454 0.006756 0.351277
455 0.006383 0.347927
456 0.002788 0.4
457 0 0.4
458 7e-06 0.4
459 0 0.4
460 0.00052 0.4
461 0 0.4
462 0 0.4
463 0.000113 0.4
464 0 0.4
465 0.027783 0.37276
466 0.022391 0.384829
467 0.020774 0.353562
468 0.017093 0.374748
469 0.007861999999999999 0.4
470 0 0.4
471 0 0.4
472 0 0.4
473 0.000183 0.4
474 0 0.3897
475 0 0.4
476 0 0.4
477 0 0.4
478 0.011384 0.372918
479 0.019929 0.363579
480 0.000332 0.369258
481 0.000336 0.351387
482 0 0.4
483 0 0.4
484 0 0.4
485 0 0.4
486 0 0.4
487 0 0.380902
488 0 0.4
489 0 0.4
490 0 0.4
491 0 0.424264
492 0 0.424264
493 0 0.356742
494 0 0.373839
495 0 0.4
496 0 0.4
497 0 0.4
498 0 0.4
499 0 0.4
500 0 0.391572
501 0 0.4
502 0 0.4
503 0 0.4
504 0 0.424264
505 0 0.424264
506 0 0.424264
507 0 0.424264
508 0 0.4
509 0 0.4
510 0 0.4
511 0 0.4
512 0 0.4
513 0 0.4
514 0 0.4
515 0 0.4
516 0 0.4
517 0 0.424264
518 0 0.424264
519 0 0.424264
520 0 0.424264
521 0 0.4
522 0 0.4
523 0 0.4
524 0 0.4
525 0 0.4
526 0 0.380637
527 0 0.4
528 0 0.4
529 0 0.4
530 0 0.424264
531 0 0.424264
532 0 0.424264
533 0 0.424264
534 0 0.4
535 0 0.4
536 0 0.4
537 0 0.4
538 0 0.4
539 0 0.399558
540 0 0.4
541 0 0.4
542 0 0.4
543 0 0.38767
544 0 0.395825
545 0 0.424264
546 0 0.424264
547 0.001868 0.4
548 0 0.4
549 0 0.4
550 0 0.4
551 0 0.4
552 0 0.388866
553 0 0.4
554 0 0.4
555 0 0.4
556 7.8e-05 0.384165
557 2.4e-05 0.38741
558 0.009932 0.380264
559 0.000416 0.378086
560 0.012226 0.4
561 0 0.4
562 0.00044 0.4
563 0 0.4
564 0 0.4
565 0 0.4
566 0 0.4
567 0 0.4
568 0 0.4
569 0.0005240000000000001 0.377495
570 0.000817 0.373084
571 0.020383 0.37132
572 0.006596 0.352957
573 0.001072 0.4
574 6.600000000000001e-05 0.4
575 6.9e-05 0.4
576 0 0.4
577 0 0.4
578 0 0.4
579 0 0.4
580 5.5e-05 0.4
581 0.000173 0.4
582 0.004932 0.376374
583 0.005039 0.36201
584 0.003666 0.369009
585 0.003609 0.369043
586 0.001028 0.4
587 0 0.4
588 0.000252 0.4
589 0 0.4
590 0.000163 0.4
591 0 0.4
592 0 0.4
593 8.2e-05 0.4
594 0.000128 0.4
595 0.036179 0.353249
596 0.035293 0.353509
597 0.022554 0.351188
598 0.022675 0.355593
599 0.007977 0.4
600 0 0.4
601 0 0.4
602 0 0.4
603 0 0.4
604 0 0.4
605 0 0.4
606 0 0.4
607 0 0.4
608 0.026897 0.372987
609 0.017528 0.374678
610 0.000241 0.37661
611 0.000218 0.362419
612 0 0.4
613 0 0.4
614 0 0.4
615 0 0.4
616 0 0.4
617 0 0.349971
618 0 0.392744
619 0 0.4
620 0 0.4
621 0 0.424264
622 0 0.424264
623 0 0.357514
624 0 0.365419
625 0 0.4
626 0 0.4
627 0 0.4
628 0 0.4
629 0 0.4
630 0 0.395314
631 0 0.4
632 0 0.4
633 0 0.4
634 0 0.424264
635 0 0.424264
636 0 0.424264
637 0 0.424264
638 0 0.4
639 0 0.4
640 0 0.4
641 0 0.4
642 0 0.4
643 0 0.4
644 0 0.4
645 0 0.4
646 0 0.4
647 0 0.424264
648 0 0.424264
649 0 0.424264
650 0 0.424264
651 0 0.4
652 0 0.4
653 0 0.4
654 0 0.4
655 0 0.4
656 0 0.4
657 0 0.4
658 0 0.4
659 0 0.4
660 0 0.424264
661 0 0.424264
662 0 0.424264
663 0 0.424264
664 0 0.4
665 0 0.4
666 0 0.4
667 0 0.4
668 0 0.4
669 0 0.4
670 0 0.4
671 0 0.4
672 0 0.4
673 0 0.362792
674 0 0.366453
675 0 0.424264
676 0 0.424264
677 0 0.4
678 0 0.4
679 0 0.4
680 0 0.4
681 0 0.4
682 0 0.384101
683 0 0.4
684 0 0.4
685 0 0.4
686 0 0.374018
687 0 0.374942
688 0 0.369919
689 0 0.35593
690 0.007421 0.4
691 0 0.4
692 0 0.4
693 0 0.4
694 0 0.4
695 0 0.4
696 0 0.4
697 0 0.4
698 0 0.4
699 0.0004929999999999999 0.359347
700 0.000485 0.365082
701 0.010386 0.371242
702 0.021829 0.372598
703 0.002727 0.4
704 0.000514 0.4
705 0.00018 0.4
706 0 0.4
707 6.8e-05 0.4
708 0 0.4
709 0 0.4
710 0.000207 0.4
711 0 0.4
712 0.026503 0.386875
713 0.017143 0.393159
714 0.032229 0.383286
715 0.020452 0.393803
716 0.00693 0.4
717 0 0.4
718 5.4e-05 0.4
719 0 0.4
720 0.000158 0.4
721 0 0.4
722 0 0.4
723 2.2e-05 0.4
724 0 0.4
725 0.047713 0.384263
726 0.03818 0.36743
727 0.005849 0.369383
728 0.004463 0.364149
729 0.014174 0.4
730 0 0.4
731 0 0.4
732 0 0.4
733 0 0.4
734 0 0.4
735 0 0.4
736 0 0.4
737 0 0.4
738 0.048923 0.375156
739 0.012109 0.369727
740 1.7e-05 0.365039
741 2e-05 0.357918
742 0 0.4
743 0 0.4
744 0 0.4
745 0 0.4
746 0 0.4
747 0 0.388085
748 0 0.4
749 0 0.4
750 0 0.4
751 0 0.424264
752 0 0.424264
753 0 0.365756
754 0 0.359948
755 0 0.4
756 0 0.4
757 0 0.4
758 0 0.4
759 0 0.4
760 0 0.4
761 0 0.4
762 0 0.4
763 0 0.4
764 0 0.424264
765 0 0.424264
766 0 0.424264
767 0 0.424264
768 0 0.4
769 0 0.4
770 0 0.4
771 0 0.4
772 0 0.4
773 0 0.399201
774 0 0.4
775 0 0.4
776 0 0.4
777 0 0.375146
778 0 0.424264
779 0 0.424264
780 0 0.424264
781 0 0.4
782 0 0.4
783 0 0.4
784 0 0.4
785 0 0.4
786 0 0.4
787 0 0.4
788 0 0.4
789 0 0.4
790 0 0.424264
791 0 0.424264
792 0 0.424264
793 0 0.424264
794 0 0.4
795 0 0.4
796 0 0.4
797 0 0.4
798 0 0.4
799 0 0.4
800 0 0.4
801 0 0.4
802 0 0.4
803 0 0.375162
804 0 0.368651
805 0 0.424264
806 0 0.424264
807 0 0.4
808 0 0.4
809 0 0.4
810 0 0.4
811 0 0.4
812 0 0.4
813 0 0.4
814 0 0.4
815 0 0.4
816 0 0.344905
817 0 0.36732
818 0 0.388351
819 0 0.382197
820 0.004724 0.4
821 0 0.4
822 0 0.4
823 0 0.4
824 0 0.4
825 0 0.4
826 0 0.4
827 0 0.4
828 0 0.4
829 0.0003 0.368546
830 0.000293 0.365153
831 0.021509 0.373532
832 0.03501 0.363526
833 0.00066 0.4
834 0 0.4
835 0.000317 0.4
836 0 0.4
837 8.2e-05 0.4
838 0 0.4
839 0 0.4
840 0.00029 0.4
841 0 0.4
842 0.003978 0.365459
843 0.003881 0.370963
844 0.004061 0.355028
845 0.005052 0.368161
846 0.007711 0.4
847 0 0.4
848 0.000203 0.4
849 0 0.4
850 0.000191 0.4
851 0 0.4
852 0 0.4
853 0 0.4
854 0 0.4
855 0.012123 0.351671
856 0.019296 0.345983
857 0.003675 0.336875
858 0.002881 0.334997
859 0.014697 0.4
860 0 0.4
861 0 0.4
862 0 0.4
863 0 0.4
864 0 0.4
865 0 0.4
866 0 0.4
867 0 0.4
868 0.004496 0.371636
869 0.011765 0.352776
870 0.000102 0.351513
871 0.000112 0.346678
872 0 0.4
873 0 0.4
874 0 0.4
875 0 0.4
876 0 0.4
877 0 0.392034
878 0 0.4
879 0 0.4
880 0 0.4
881 0 0.424264
882 0 0.424264
883 0 0.370778
884 0 0.368291
885 0 0.4
886 0 0.4
887 0 0.4
888 0 0.4
889 0 0.4
890 0 0.356495
891 0 0.4
892 0 0.4
893 0 0.4
894 0 0.424264
895 0 0.424264
896 0 0.424264
897 0 0.424264
898 0 0.4
899 0 0.4
900 0 0.4
901 0 0.4
902 0 0.4
903 0 0.4
904 0 0.4
905 0 0.4
906 0 0.4
907 0 0.405211
908 0 0.404467
909 0 0.424264
910 0 0.424264
911 0 0.4
912 0 0.4
913 0 0.4
914 0 0.4
915 0 0.4
916 0 0.398489
917 0 0.4
918 0 0.4
919 0 0.4
920 0 0.424264
921 0 0.424264
922 0 0.424264
923 0 0.424264
924 0 0.4
925 0 0.4
926 0 0.4
927 0 0.4
928 0 0.4
929 0 0.342312
930 0 0.4
931 0 0.4
932 0 0.4
933 0 0.372772
934 0 0.364293
935 0 0.424264
936 0 0.424264
937 0 0.4
938 0 0.4
939 0 0.4
940 0 0.4
941 0 0.4
942 0 0.4
943 0 0.4
944 0 0.4
945 0 0.4
946 0 0.356547
947 0 0.356148
948 0 0.387407
949 0 0.397878
950 0.000807 0.4
951 0 0.4
952 0.000733 0.4
953 0 0.4
954 0 0.4
955 0 0.4
956 0 0.4
957 0.001331 0.4
958 0 0.4
959 0.000365 0.357136
960 0.00024 0.357643
961 0.037256 0.364486
962 0.031813 0.391304
963 0.001444 0.4
964 0 0.4
965 0.000712 0.4
966 0 0.4
967 0 0.4
968 0 0.4
969 0 0.4
970 0.000411 0.4
971 0 0.4
972 0.017796 0.389114
973 0.020062 0.38918
974 0.015669 0.379551
975 0.018461 0.38097
976 0.001875 0.4
977 0 0.4
978 0 0.4
979 0 0.4
980 0 0.4
981 0 0.4
982 0 0.4
983 0.000522 0.4
984 0 0.4
985 0.033888 0.340689
986 0.047191 0.349734
987 0.00155 0.379189
988 0.001304 0.361974
989 0.014823 0.4
990 0 0.4
991 0 0.4
992 0 0.4
993 0 0.4
994 0 0.4
995 0 0.4
996 0 0.4
997 0 0.4
998 0.040859 0.424264
999 0 0.368254
1000 0 0.361056
1001 0 0.382397
1002 0 0.4
1003 0 0.4
1004 0 0.4
1005 0 0.4
1006 0 0.4
1007 0 0.4
1008 0 0.4
1009 0 0.4
1010 0 0.4
1011 0 0.424264
1012 0 0.424264
1013 0 0.424264
1014 0 0.362904
1015 0 0.4
1016 0 0.4
1017 0 0.4
1018 0 0.4
1019 0 0.4
1020 0 0.4
1021 0 0.4
1022 0 0.4
1023 0 0.4
1024 0 0.424264
1025 0 0.424264
1026 0 0.424264
1027 0 0.424264
1028 0 0.4
1029 0 0.4
1030 0 0.4
1031 0 0.4
1032 0 0.4
1033 0 0.4
1034 0 0.4
1035 0 0.4
1036 0 0.4
1037 0 0.424264
1038 0 0.38619
1039 0 0.424264
1040 0 0.424264
1041 0 0.4
1042 0 0.4
1043 0 0.4
1044 0 0.4
1045 0 0.4
1046 0 0.4
1047 0 0.4
1048 0 0.4
1049 0 0.4
1050 0 0.424264
1051 0 0.424264
1052 0 0.424264
1053 0 0.424264
1054 0 0.4
1055 0 0.4
1056 0 0.4
1057 0 0.4
1058 0 0.4
1059 0 0.377635
1060 0 0.4
1061 0 0.4
1062 0 0.4
1063 0 0.402119
1064 0 0.352602
1065 0 0.424264
1066 0 0.424264
1067 0 0.4
1068 0 0.4
1069 0 0.4
1070 0 0.4
1071 0 0.4
1072 0 0.4
1073 0 0.4
1074 0 0.4
1075 0 0.4
1076 0 0.349015
1077 0 0.350717
1078 0 0.392933
1079 0 0.395177
1080 0 0.4
1081 0 0.4
1082 0 0.4
1083 0 0.4
1084 0.000298 0.4
1085 0 0.4
1086 0 0.4
1087 0 0.4
1088 0 0.4
1089 0.00091 0.376253
1090 1.4e-05 0.382811
1091 0.003645 0.380393
1092 2e-05 0.375173
1093 7.2e-05 0.4
1094 0 0.4
1095 0.000433 0.4
1096 0 0.4
1097 0.00933 0.4
1098 0 0.4
1099 0 0.4
1100 0.000284 0.4
1101 0 0.4
1102 0.001549 0.387851
1103 0.000636 0.36855
1104 0.091239 0.376879
1105 0.001349 0.364832
1106 5.4e-05 0.4
1107 0 0.4
1108 0.000305 0.4
1109 0 0.4
1110 0.00408 0.4
1111 0 0.4
1112 0 0.4
1113 0.000251 0.4
1114 0 0.4
1115 0.07295500000000001 0.357409
1116 0.066342 0.355388
1117 0.000901 0.355365
1118 0.000481 0.372813
1119 0.006921 0.4
1120 0 0.4
1121 0 0.4
1122 0 0.4
1123 0 0.4
1124 0 0.4
1125 0 0.4
1126 0 0.4
1127 0 0.4
1128 0 0.424264
1129 0 0.424264
1130 0 0.36381
1131 0 0.364688
1132 0 0.4
1133 0 0.4
1134 0 0.4
1135 0 0.4
1136 0 0.4
1137 0 0.4
1138 0 0.4
1139 0 0.4
1140 0 0.4
1141 0 0.424264
1142 0 0.424264
1143 0 0.424264
1144 0 0.424264
1145 0 0.4
1146 0 0.4
1147 0 0.4
1148 0 0.4
1149 0 0.4
1150 0 0.4
1151 0 0.4
1152 0 0.4
1153 0 0.4
1154 0 0.424264
1155 0 0.424264
1156 0 0.424264
1157 0 0.424264
1158 0 0.4
1159 0 0.4
1160 0 0.4
1161 0 0.4
1162 0 0.4
1163 0 0.4
1164 0 0.4
1165 0 0.4
1166 0 0.4
1167 0 0.424264
1168 0 0.424264
1169 0 0.424264
1170 0 0.424264
1171 0 0.4
1172 0 0.4
1173 0 0.4
1174 0 0.4
1175 0 0.4
1176 0 0.38605
1177 0 0.4
1178 0 0.4
1179 0 0.4
1180 0 0.424264
1181 0 0.424264
1182 0 0.424264
1183 0 0.424264
1184 0 0.4
1185 0 0.4
1186 0 0.4
1187 0 0.4
1188 0 0.4
1189 0 0.383511
1190 0 0.4
1191 0 0.4
1192 0 0.4
1193 0 0.424264
1194 0 0.380622
1195 0 0.424264
1196 0 0.424264
1197 0 0.4
1198 0 0.4
1199 0 0.4
1200 0 0.4
1201 0 0.4
1202 0 0.4
1203 0 0.394812
1204 0 0.4
1205 0 0.4
1206 0 0.401847
1207 0 0.372069
1208 0 0.424264
1209 0 0.389771
1210 0.003211 0.4
1211 0 0.4
1212 0 0.4
1213 0 0.4
1214 0 0.4
1215 0 0.4
1216 0 0.4
1217 0 0.4
1218 0 0.4
1219 0.000311 0.389694
1220 2.4e-05 0.389051
1221 0.001408 0.387899
1222 0.000432 0.367349
1223 0.003021 0.4
1224 0 0.4
1225 0 0.4
1226 0 0.4
1227 0.002826 0.4
1228 0 0.4
1229 0 0.4
1230 0 0.4
1231 0 0.4
1232 0.002411 0.394639
1233 0.00011 0.38295
1234 0.002835 0.3894
1235 0.000249 0.367882
1236 0.000183 0.4
1237 0 0.4
1238 0 0.4
1239 0 0.4
1240 0.005689 0.4
1241 0 0.4
1242 0 0.389907
1243 0 0.391954
1244 0 0.4
1245 0.002831 0.369415
1246 0.000329 0.370508
1247 0.003556 0.390436
1248 0.000194 0.358806
1249 0 0.4
1250 0 0.4
1251 0 0.4
1252 0 0.4
1253 0 0.4
1254 0 0.392997
1255 0 0.4
1256 0 0.4
1257 0 0.4
1258 0 0.424264
1259 0 0.424264
1260 0 0.369363
1261 0 0.36127
1262 0 0.4
1263 0 0.4
1264 0 0.4
1265 0 0.4
1266 0 0.4
1267 0 0.4
1268 0 0.4
1269 0 0.4
1270 0 0.4
1271 0 0.424264
1272 0 0.424264
1273 0 0.424264
1274 0 0.424264
1275 0 0.4
1276 0 0.4
1277 0 0.4
1278 0 0.4
1279 0 0.4
1280 0 0.4
1281 0 0.4
1282 0 0.4
1283 0 0.4
1284 0 0.424264
1285 0 0.424264
1286 0 0.424264
1287 0 0.424264
1288 0 0.4
1289 0 0.4
1290 0 0.4
1291 0 0.4
1292 0 0.4
1293 0 0.365758
1294 0 0.4
1295 0 0.4
1296 0 0.4
1297 0 0.386866
1298 0 0.424264
1299 0 0.424264
1300 0 0.424264
